0.5
0
0
0
0
0
0
0
0
0
0
0
0
0
0
0
0
0
0
0
0
0
0
0
0
0
0
0
0
0
0
0
0
0
0
0
0
0
0
0
0
0
0
4.31741645799154e-05
0
0
0
9.32896737660108e-06
0
0
0
0
0
0
0
0
2.91800408520572e-05
1.23049662843924e-05
0
0
0
0
0
0
0
0
0
0
0
0
0
0
0
0
0
0
0
0
0
0
0
0
0
0
0
0
0
0
0
0
0
0
0
0.120300751879699
0.5
0.0069339764847754
0.497252747252747
0.285714285714286
0.181818181818182
0.8
0.3
0.5
0.5
0.5
0.5
0.666666666666667
0.5
0.0188346085932902
0.0100671140939597
0.0236742424242424
0.0178443968593862
0.00635785649409628
0.017725258493353
0.0100076982294072
0.000932400932400932
0.0392609699769053
0.00126903553299492
0.0035650623885918
0.0093984962406015
0.00753390256152687
0.0118613138686131
0.018848167539267
0.0168067226890756
0.0483870967741935
0.00481761871988988
0.00842490842490842
0.0116801437556155
0.0430622009569378
0.0156372165754496
0.0128022759601707
0.0857142857142857
0
0.0137221269296741
1
0.0386084966755893
0.00746786370128545
0.0044332791488104
0.27562818226936
0.0732697097758249
0.12318528101193
0.23776306924022
0.0731127267785554
0.0144695837532872
0.00675046554934823
0.169965984497853
0.101780639360319
0.0885895855069714
0.28170411438576
0.0149505340355367
0.082009292653605
0.0213178294573643
0.129884892773559
0.167327562927273
0.168762028543578
0.00890234948604993
0.00171740157142244
0.0381082933516107
0.210787792760823
0.207694815780893
0.016255442670537
0
0.125
0.24
0
0
0.0185185185185185
0.00510204081632653
0.327564894932015
0
0.0678040244969379
0
0
0.00671892497200448
0
0.08
0
0
0.181818181818182
0
0
0.0101010101010101
0.0856492459451769
0
8.4200481346085e-05
0
0
0.00361772686162195
0
0
0
0
0
0
0
0.166666666666667
0
0
0
0.00117716303708064
0.000745712155108128
0
0.00142755174875089
0.000908265213442325
0
0
0.000466200466200466
0
0
0.0005941770647653
0.0006265664160401
0
0.00182481751824818
0.00209424083769634
0.00186741363211951
0.0161290322580645
0
0.000732600732600733
0.000898472596585804
0
0.00390930414386239
0.000711237553342817
0
0
0.00171526586620926
0
0.000798722044728434
0.00012242399510304
0.000369439929067534
0.000202194731908167
3.26513858181038e-05
0.000287480235733793
7.92675676746859e-05
0.00023782020792281
0.000370717918418888
0.00116387337057728
0.000139407795683935
9.6337566834187e-05
0.000158082772139492
4.86334014200953e-05
0.000406063887384949
0.000292426162393996
0.00581395348837209
5.73148015474996e-05
0.000866982191333021
3.74915643980104e-05
0.000244738130200685
0.00047228543214117
0.000205620287868403
0.0028388928317956
0.0058689272905119
0.00058055152394775
0
0
0
0.166666666666667
0
0
0
0
0
0.000437445319335083
0
0
0
0
0
0
0
0
0
0
0
9.48496632836953e-05
0
0
0
0.5
0
0
0
0
0
0
0
0
0
0
0
0
0
0
0.00189393939393939
0
0
0
0
0
0
0
0
0
0
0
0
0
0
0
0
0
0
0
0
0
0
0
0
0
0
0
0
0
0
0
0
0
0
0
0
0
0
0
0
0
0
0
0
0
0
0
0
0
0
0
0
0
0
0
0
0
0
0
0
0
0
0
0
0
0
0
0
0
0
0
0
0
7.01670677884042e-06
0
0
0
0.00824175824175824
0.285714285714286
0.0909090909090909
0
0.3
0.333333333333333
0
0.0833333333333333
0
0
0
0.011183048852266
0.00335570469798658
0.00662878787878788
0.00499643112062812
0.00454132606721163
0.00443131462333826
0
0.00186480186480186
0.0023094688221709
0
0
0.0018796992481203
0.00150678051230537
0.00182481751824818
0.00418848167539267
0.00280112044817927
0.0161290322580645
0.00206469373709566
0.00256410256410256
0.0161725067385445
0.0574162679425837
0.0101641907740422
0.000711237553342817
0.0857142857142857
0.00862068965517241
0.0120068610634648
0
0.00118728952594767
0.00028565598857376
0.000701935865228314
0.00635994338547507
0.00181914863843721
0.00186862153226966
0.00128809797471365
0.00254807365631583
0.000857285186343679
0.000931098696461825
0.00323426085986728
0.00154140106934699
0.00132789528597173
0.00315144441202218
0.00190726977408082
0.00149462260779153
0
0.00157615704255624
0.00379482368993306
0.00829813292009298
0.000305922662750857
0.000858700785711219
0.00315284441398218
0.0177430801987225
0.006521030322791
0.00019351717464925
0
0.8125
0
0
0
0
0
0.0185414091470952
0
0.000874890638670166
0
0
0.00335946248600224
0
0
0
0
0
0
0
0
0.0019918429289576
0
0
0
0
0
0
0
0
0
0
0
0
0
0
0
0
0.000588581518540318
0.000745712155108128
0.000946969696969697
0.00142755174875089
0
0.00147710487444609
0.00153964588144727
0.0027972027972028
0.0023094688221709
0.00126903553299492
0.0011883541295306
0.0018796992481203
0.00100452034153692
0.00638686131386861
0.00209424083769634
0.000933706816059757
0
0.00206469373709566
0.000366300366300366
0
0
0.00234558248631744
0.00284495021337127
0
0
0.00343053173241852
0
0.00018349019946464
0.000530503978779841
0.000258607950347274
0.000294101428230061
5.1309320571306e-05
0
0.000257619594942729
0.000203845892505266
0.000220113764061215
0.000465549348230912
0.000139407795683935
0.00014450635025128
0.000758797306269563
0.00010699348312421
0.00020918442683467
0.000324917958215551
0.00775193798449612
0.000152839470793332
0.00014212822808738
0.000387412832112775
6.11845325501713e-05
0.00193207676785024
0.000959561343385881
0.0007097232079489
0
0.00135462022254475
0
0
0
0
0
0
0
0
0
0
0
0
0
0
0
0
0
0
0
0
0
0
0
7.01670677884042e-06
0
0
0
0
0.285714285714286
0.0909090909090909
0
0
0
0.166666666666667
0
0
0.333333333333333
0
0
0
0
0
0
0
0
0
0
0
0
0
0
0
0
0
0
0
0
0
0
0
0
0
0
0
0
0
0
0
0
0
0
0
0
0
0
0
0
0
0
0
0
0
0
0
0
0
0
0
0
0
0
0
0
0
0
0
0
0
0
0
0
0
0
0
0
0
0
0
0
0
0
0
0
0
2.80668271153617e-05
0
0
0.000602954476936991
0
0
0
0
0
0
0
0
0
0
0
0
0
0.00284090909090909
0
0
0
0
0
0
0
0
0
0
0.000912408759124088
0
0
0
0
0
0
0
0.000781860828772478
0
0
0
0
0
0
0
0
0
0
0
0
0
0
0
0
0
0
0
0
0
0
0
0
0
0
0
0
0
0
0
0
0
0
0
0
0
0
0
0
0
0
0
0
0
0
0
0
0
0
0
0
0
0
1.40334135576808e-05
0
0
0
0
0
0
0
0
0
0.166666666666667
0
0
0
0
0
0
0
0
0
0
0
0
0
0
0
0
0
0
0.00104712041884817
0
0
0
0
0.000898472596585804
0
0
0
0
0
0
0
0
0
0
0
0
0
0
0
0
0
0
0
0
0
0
0
0
0
0
0
0
0
0
0
0
0
0
0
0
0
0
0
0
0
0
0
0
0
0
0
0
0
0
0
0
0
0
0
0
3.50835338942021e-05
0
0
0
0
0
0
0
0
0
0
0
0
0
0
0.000588581518540318
0
0
0
0
0
0
0
0
0
0
0
0
0
0
0
0
0
0
0
0
0
0.000711237553342817
0
0
0
0
0
0
0
0
0
0
0
0
0
0
0
0
0
0
0
9.74753874646652e-05
0
0
0
0
0
0
0
0
0
0
0
0
0
0
0
0
0
0
0
0
0
0
0
0
0
0
0
0
0
0
0
0
0
7.01670677884042e-06
0
0
0
0
0
0.181818181818182
0
0
0
0
0
0
0
0
0.000588581518540318
0
0
0
0
0
0
0
0
0
0
0.0006265664160401
0
0
0
0
0
0
0.000366300366300366
0
0
0
0
0
0
0
0
0
0
0
0
0
0
0
0
0
0
0
0
0
0
0
0
0
0
0
0
0
0
0
0
0
0
0
0
0
0
0
0
0
0
0
0
0
0
0
0
0
0
0
0
0
0
0
0
0
1.40334135576808e-05
0
0
0.000301477238468496
0
0
0
0
0
0
0
0
0
0
0
0
0
0
0
0
0
0
0.000466200466200466
0
0
0
0.0006265664160401
0
0
0
0
0
0
0
0.000898472596585804
0
0
0
0
0
0
0
0
0
0
0
0
0
0
0
0
0
0
0
0
0
0
0
0
0
0
0
0
0
0
0
0
0
0
0
0
0
0
0
0
0
0
0
0
0
0
0
0
0
0
0
0
0
0
0
0
7.01670677884042e-06
0
0
0
0
0.142857142857143
0.181818181818182
0
0
0
0
0.25
0
0
0
0
0
0
0.00214132762312634
0
0
0
0
0.0023094688221709
0
0
0
0
0
0
0
0
0
0.000366300366300366
0
0
0
0
0
0
0
0
0
0
0
0
0
0
0
0
0
0
0
0
0
0
0
0
0
0
0
0
0
0
0
0
0
0
0
0
0
0
0
0
0
0
0
0
0
0
0
0
0
0
0
0
0
0
0
0
0
7.01670677884042e-06
0
0
0
0
0
0.0909090909090909
0
0
0
0
0
0
0
0
0
0
0
0
0
0
0
0
0
0
0
0
0
0
0
0
0
0
0
0
0
0
0
0
0
0
0
0
0
0
0
0
0
0
0
0
0
0
0
0
0
0
0
0
0
0
0
0
0
0
0
0
0
0
0
0
0
0
0
0
0
0
0
0
0
0
0
0
0
0
0
0
0
0
0
0
1.40334135576808e-05
0
0
0.000301477238468496
0
0
0
0
0
0
0
0
0
0
0
0
0
0
0
0
0
0
0
0
0
0
0
0
0
0
0
0
0
0
0
0
0
0
0
0
0
0
0
0
0
0
0
0
0
0
0
0
0
0
0
0
0
0
0
0
0
0
0
0
0
0
0
0
0
0
0
0
0
0
0
0
0
0
0
0
0
0
0
0
0
0
0
0
0
0
0
7.01670677884042e-06
0
0
0
0
0
0.0909090909090909
0
0
0
0
0
0
0
0
0
0
0
0
0
0
0
0
0
0
0
0
0
0
0
0
0
0
0
0
0
0
0
0
0
0
0
0
0
0
0
0
0
0
0
0
0
0
0
0
0
0
0
0
0
0
0
0
0
0
0
0
0
0
0
0
0
0
0
0
0
0
0
0
0
0
0
0
0
0
0
0
0
0
0
0
0.010728544664847
0.0025062656641604
0
0.0298462466083811
0
0
0
0
0
0.166666666666667
0
0
0
0
0
0.00176574455562095
0.00186428038777032
0.00189393939393939
0.00571020699500357
0.000908265213442325
0.00738552437223043
0.000769822940723634
0
0.0046189376443418
0.00126903553299492
0.0005941770647653
0
0.00150678051230537
0.0118613138686131
0
0
0
0.00206469373709566
0.00146520146520147
0.000898472596585804
0
0.00234558248631744
0.00497866287339972
0
0
0
0
0
0
3.69439929067534e-05
5.51440177931364e-05
0
0
0
0
0
0
0
0
3.16165544278984e-05
0
0
0
0
0
0
0
0
4.29350392855609e-05
0
0
0
0
0
0
0
0
0
0
0
0
0
0
0
0
0
0
0
0
0
0
0
0
0
0
0
0.0178926022860431
0
0
0.0226107928851372
0.00549450549450549
0
0
0
0
0
0
0
0
0
0
0.00294290759270159
0.00149142431021626
0.00473484848484848
0
0
0
0.00384911470361817
0.000932400932400932
0.0023094688221709
0
0.0005941770647653
0
0.00200904068307383
0.00182481751824818
0.0031413612565445
0.000933706816059757
0
0
0.0032967032967033
0.00269541778975741
0
0.00234558248631744
0.00142247510668563
0
0
0
0
0
0
0
1.83813392643788e-05
4.66448368830054e-06
0
0
0
0
0
5.57631182735739e-05
0
0
0
0
0
0
0
0
0
0
4.29350392855609e-05
0
0
0
0
0
0
0
0
0
0
0
0
0
0
0
0
0
0
0
0
0
0
0
0
0
0
0
0.00683427240259057
0
0
0.00964727163099186
0.00549450549450549
0
0
0
0.1
0
0
0
0
0
0
0.00117716303708064
0.00149142431021626
0.00284090909090909
0.000713775874375446
0.0036330608537693
0.00147710487444609
0
0
0.0092378752886836
0
0
0.0006265664160401
0.00301356102461075
0.00273722627737226
0.00628272251308901
0.00186741363211951
0
0.000688231245698555
0.0010989010989011
0
0
0.000781860828772478
0
0
0
0
0
1.07935411449788e-05
0
7.38879858135067e-05
1.83813392643788e-05
0
0
0
0
1.15849349505903e-05
0
0
0
0
0
0
0
0
0
0
0
0
0
0
0
0
0
0
0
0
0
0
0
0
0
0
0
0
0
0
0
0
0
0
0
0
0
0
0
0
0.00909365198537718
0
0
0.0150738619234248
0.00274725274725275
0
0
0
0.1
0
0
0
0
0
0
0.00353148911124191
0
0.00473484848484848
0.000713775874375446
0.00181653042688465
0
0.000769822940723634
0.000466200466200466
0.0161662817551963
0
0.0005941770647653
0.0012531328320802
0.00100452034153692
0.000912408759124088
0.00209424083769634
0.00373482726423903
0
0.00137646249139711
0.000732600732600733
0
0
0.00469116497263487
0
0
0
0
0
0
0
3.69439929067534e-05
5.51440177931364e-05
0
0
0
3.39743154175443e-05
1.15849349505903e-05
0
0
0
0
1.94533605680381e-05
0
0
0
0
0
0
0
0
0
0
0
0
0
0
0
0
0
0
0
0
0
0
0
0
0
0
0
0
0
0
0
0
0
0
0
0.00705179031273462
0
0
0.0180886343081097
0
0
0
0
0
0
0
0
0
0
0
0.00117716303708064
0.000372856077554064
0.00189393939393939
0.00142755174875089
0.00181653042688465
0.00147710487444609
0
0.000466200466200466
0
0
0.0005941770647653
0.0006265664160401
0.00301356102461075
0.00273722627737226
0
0.00466853408029879
0
0.000688231245698555
0.0010989010989011
0.00269541778975741
0.00478468899521531
0.000781860828772478
0
0
0
0
0
0
0
0
0
0
0
0
0
0
0
0
0
0
0
0
0
0
0
0
0
0
0
0
0
0
0
0
0
0
0
0
0
0
0
0
0
0
0
0
0
0
0
0
0
0
0
0
0
0
0.00449770904523671
0
0
0.00391920410009044
0.00274725274725275
0
0
0
0
0
0
0
0
0
0
0.00117716303708064
0
0
0.00142755174875089
0.00181653042688465
0
0
0.000466200466200466
0.0023094688221709
0
0
0
0.00100452034153692
0.000912408759124088
0
0.000933706816059757
0
0.00275292498279422
0.00146520146520147
0.00179694519317161
0
0
0
0
0
0
0
0
0
0
0
0
0
0
0
0
0
0
0
0
0
0
0
0
0
0
0
0
0
0
0
0
0
0
0
0
0
0
0
0
0
0
0
0
0
0
0
0
0
0
0
0
0
0
0
0
0.00848319849561807
0
0
0.0174856798311727
0.00549450549450549
0
0
0
0
0
0
0
0
0
0
0.00117716303708064
0.000372856077554064
0
0
0.00272479564032698
0
0.00307929176289453
0
0
0
0.0005941770647653
0.0012531328320802
0.00100452034153692
0.00364963503649635
0.00104712041884817
0.00186741363211951
0
0.000688231245698555
0.00146520146520147
0.00179694519317161
0
0.000781860828772478
0
0
0
0
0
0
0
0
0
0
0
0
0
0
0
0
0
0
0
0
0
0
0
0
0
0
0
0
0
0
0
0
0
0
0
0
0
0
0
0
0
0
0
0
0
0
0
0
0
0
0
0
0
0
0.0144965162050843
0
0
0.0162797708772988
0.010989010989011
0
0
0
0
0
0
0
0
0
0
0
0.000372856077554064
0
0.00142755174875089
0.00181653042688465
0
0.000769822940723634
0
0
0
0
0
0.00100452034153692
0
0.00104712041884817
0.000933706816059757
0
0
0
0.000898472596585804
0
0.00156372165754496
0
0
0
0
0
0
0
0
0
0
0
0
0
0
0
2.78815591367869e-05
0
3.16165544278984e-05
9.72668028401906e-06
0
0.000162458979107775
0
0
0
0
0
0
0
0
0
0
0
0
0
0
0
0
0
0
0
0
0
0
0
0
0
0
0
0
0
0
0
0
0
0.00249093090648835
0
0
0.0105517033463973
0.00274725274725275
0
0
0
0
0
0
0
0
0
0
0.000588581518540318
0.000745712155108128
0.00284090909090909
0.00142755174875089
0.000908265213442325
0.00886262924667651
0.000769822940723634
0
0.0069284064665127
0
0.0005941770647653
0
0.00150678051230537
0.00273722627737226
0.00104712041884817
0.000933706816059757
0
0.00275292498279422
0.00146520146520147
0.000898472596585804
0
0.000781860828772478
0.000711237553342817
0.0285714285714286
0
0.00171526586620926
0
0
0
0
0
0
0
0
0
0
0
0
0
0
0
1.23049662843924e-05
0
0
0
0
0
0
0
0
0
0
0
0
0
0
0
0
0
0
0
0
0
0
0
0
0
0
0
0
0
0
0
0
0
0
0.00511517924177467
0
0
0.0168827253542358
0
0
0
0
0
0
0
0
0
0
0
0
0
0.000946969696969697
0.000713775874375446
0
0
0
0
0
0
0
0
0
0
0
0
0
0
0
0
0
0
0
0
0
0
0
0
0
0
0
0
0
0
0
0
0
2.78815591367869e-05
0
0
0
0
0
0
0
0
0
0
0
0
0
0
0
0
0
0
0
0
0
0
0
0
0
0
0
0
0
0
0
0
0
0
0
0
0
0
0.0113951318088368
0
0
0.0135664757310823
0.00549450549450549
0
0
0
0
0
0
0
0
0
0
0
0.000372856077554064
0
0
0.00181653042688465
0
0
0
0.0046189376443418
0
0
0
0.00100452034153692
0.000912408759124088
0.00104712041884817
0
0
0
0
0
0
0
0.000711237553342817
0
0
0.00171526586620926
0
0
0
0
0
0
0
0
0
0
0
0
0
0
0
0
0
0
0
0
0
0
4.29350392855609e-05
0
0
0
0
0
0
0
0
0
0
0
0
0
0
0
0
0
0
0
0
0
0
0
0
0
0
0.15
0.0105741771157125
0
0
0.0168827253542358
0.00274725274725275
0
0
0
0
0
0
0
0
0
0
0.00117716303708064
0
0
0
0
0
0
0.000466200466200466
0.0023094688221709
0
0.0017825311942959
0.0006265664160401
0.00200904068307383
0.00182481751824818
0
0.00373482726423903
0.0161290322580645
0.00137646249139711
0.000366300366300366
0.00269541778975741
0
0.000781860828772478
0
0
0
0
0
0
0
0
0
0
0
0
0
0
0
0
0
0
2.91800408520572e-05
0
0
0
0
0
0
0
0
0
0
0
0
0
0
0
0
0
0
0
0
0
0
0
0
0
0
0
0
0
0
0
0
0
0
0.05
0.0132826259323449
0
0
0.0141694302080193
0.00274725274725275
0
0
0
0.1
0
0
0
0
0
0
0.00470865214832254
0.00149142431021626
0.00189393939393939
0.000713775874375446
0.00272479564032698
0.00147710487444609
0.0023094688221709
0.000466200466200466
0.0046189376443418
0
0.0011883541295306
0.0006265664160401
0
0.00273722627737226
0.00104712041884817
0.000933706816059757
0
0.00137646249139711
0.000732600732600733
0.00359389038634322
0.0143540669856459
0.00156372165754496
0
0.0285714285714286
0
0
0
0
0
0
0
0
0
0
0
1.15849349505903e-05
0
0
0
0
0
0
0
0
0
0
0
0
0
0
0
0
0
0
0
0
0
0
0
0
0
0
0
0
0
0
0
0
0
0
0
0
0
0
0
0
0.00700267336528274
0
0
0.0126620440156768
0.00274725274725275
0
0
0
0
0
0.166666666666667
0
0
0
0
0.00470865214832254
0.00186428038777032
0.00189393939393939
0.00428265524625268
0.00272479564032698
0.00147710487444609
0
0
0.0069284064665127
0
0.0035650623885918
0.0012531328320802
0
0.00182481751824818
0.00104712041884817
0.00186741363211951
0
0.00137646249139711
0.00146520146520147
0.000898472596585804
0.00956937799043062
0.00234558248631744
0.000711237553342817
0
0
0
0
0
0
0
0
0
0
0
0
0
0
0
0
0
0
0
0
0
0
0
0
0
0
0
0
0
0
0
0
0
0
0
0
0
0
0
0
0
0
0
0
0
0
0
0
0
0
0
0
0
0.00612558501792769
0
0
0.00994874886946036
0.00274725274725275
0
0
0
0
0
0
0
0
0
0
0.00412007062978222
0.00186428038777032
0.00284090909090909
0.000713775874375446
0.000908265213442325
0.00147710487444609
0.000769822940723634
0
0.0092378752886836
0
0.0005941770647653
0.0012531328320802
0.000502260170768458
0.00182481751824818
0
0
0
0.00412938747419133
0.000732600732600733
0.00269541778975741
0
0.00390930414386239
0.00142247510668563
0
0
0
0
0
0
0
0
0
0
0
0
0
0
0
0
0
9.72668028401906e-06
0
0
0
0
0
0
0
0
0
0
0
0
0
0
0
0
0
0
0
0
0
0
0
0
0
0
0
0
0
0
0
0
0
0
0
0.00688338935004245
0
0
0.0132649984926138
0.00274725274725275
0
0
0
0
0
0
0
0
0
0
0.00294290759270159
0.00111856823266219
0.000946969696969697
0
0
0
0.0046189376443418
0.000932400932400932
0.0069284064665127
0.00126903553299492
0.0011883541295306
0.0012531328320802
0
0.00273722627737226
0.0031413612565445
0.000933706816059757
0
0.00137646249139711
0.00146520146520147
0.000898472596585804
0.00478468899521531
0.00156372165754496
0
0.0285714285714286
0
0
0
0
0
0
0
0
0
0
0
2.31698699011805e-05
0
0
0
0
0
0
0
0
0
0
0
0
0
0
0
0
0
0
0
0
0
0
0
0
0
0
0
0
0
0
0
0
0
0
0
0
0
0
0
0
0.000399952286393904
0
0
0
0
0
0
0
0
0
0
0
0
0
0
0.00117716303708064
0
0
0
0
0
0
0
0.0023094688221709
0
0
0
0
0
0
0
0
0
0.000366300366300366
0
0
0
0
0
0
0
0
0
0
0
0
0
0
0
0
0
0
0
0
0
9.72668028401906e-06
0
0
0
0
0
0
0
0
0
0
0
0
0
0
0
0
0
0
0
0
0
0
0
0
0
0
0
0
0
0
0
0
0
0
0.1
0.00965498852768442
0
0
0.0114561350618028
0.00549450549450549
0
0
0
0
0
0
0
0
0
0
0.00235432607416127
0.000745712155108128
0.00189393939393939
0
0.00454132606721163
0
0
0.000466200466200466
0.0046189376443418
0
0.0011883541295306
0
0.000502260170768458
0.00182481751824818
0.00104712041884817
0.00186741363211951
0
0
0.000732600732600733
0
0.0143540669856459
0.00312744331508991
0
0
0
0
0
0
0
0
1.83813392643788e-05
0
0
0
0
0
0
0
0
0
0
1.23049662843924e-05
0
0
0
0
0
0
0
0
0
0
0
0
0
0
0
0
0
0
0
0
0
0
0
0
0
0
0
0
0
0
0
0
0
0
0.0183276381063312
0
0
0.0153753391618933
0.00274725274725275
0
0
0
0
0
0
0
0
0
0
0.00353148911124191
0.00372856077554064
0.000946969696969697
0.00142755174875089
0.00181653042688465
0.00147710487444609
0
0.000466200466200466
0.0115473441108545
0
0
0
0.000502260170768458
0.00821167883211679
0.00418848167539267
0.00466853408029879
0
0.00275292498279422
0.00146520146520147
0.000898472596585804
0.0143540669856459
0.00234558248631744
0.000711237553342817
0.0285714285714286
0
0
0
0
0
0
0
0
0
0
0
0
0
0
0
0
0
0
0
0
0
0
0
0
0
0
0
0.0006521030322791
0
0
0
0
0
0
0
0
0
0
0
0
0
0
0
0
0
0
0
0
0
0
0
0
0.00733947529066708
0
0
0.00633102200783841
0
0
0
0
0
0
0
0
0
0
0
0.00412007062978222
0
0.00284090909090909
0.000713775874375446
0.0036330608537693
0.00147710487444609
0
0.000932400932400932
0.0092378752886836
0
0
0.0006265664160401
0.00150678051230537
0.00273722627737226
0
0.00186741363211951
0
0.00412938747419133
0.000732600732600733
0.000898472596585804
0.0143540669856459
0
0
0
0
0
0
0
0
0
0
0
0
0
0
0
0
0
0
0
9.72668028401906e-06
0
0
0
0
0
0
3.05922662750857e-05
4.29350392855609e-05
0
0
0
0
0
0
0
0
0
0
0
0
0
0
0
0
0
0
0
0
0
0
0
0
0
0
0
0.00127704063374896
0
0
0.00120590895387398
0
0
0
0
0
0
0
0
0
0
0
0.000588581518540318
0
0
0
0.00635785649409628
0
0
0
0
0
0
0.0006265664160401
0.000502260170768458
0.000912408759124088
0
0
0
0
0.000732600732600733
0.00359389038634322
0
0.00234558248631744
0
0
0
0
0
0
0
0
0
0
0
0
0
0
0
0
0
0
2.91800408520572e-05
0
0
0
0
0
0
0
0
0
0
0
0
0
0
0
0
0
0
0
0
0
0
0
0
0
0
0
0
0
0
0
0
0
0
0
0.00827269729225285
0
0
0.0126620440156768
0.00824175824175824
0
0
0
0.1
0
0
0
0
0
0
0.00294290759270159
0.000745712155108128
0
0
0.000908265213442325
0
0.00153964588144727
0.000466200466200466
0.0138568129330254
0.00126903553299492
0
0
0.000502260170768458
0.00547445255474453
0.00418848167539267
0.00186741363211951
0
0.00137646249139711
0.0010989010989011
0.000898472596585804
0.00956937799043062
0.00625488663017983
0.000711237553342817
0.0571428571428571
0
0
0
0
0
0
5.51440177931364e-05
0
0
0
0
0
0
0
0
0
9.72668028401906e-06
0
0
0
0
0
0
0
0
0
0
0
0
0
0
0
0
0
0
0
0
0
0
0
0
0
0
0
0
0
0
0
0
0
0
0
0.00936730354975196
0
0
0.0123605667772083
0.00274725274725275
0
0
0
0
0
0
0
0
0
0
0.00235432607416127
0.000372856077554064
0.00189393939393939
0.000713775874375446
0
0
0
0
0
0
0
0
0.00150678051230537
0.00182481751824818
0.00209424083769634
0
0
0
0
0
0.00478468899521531
0.00234558248631744
0.00142247510668563
0
0
0.00171526586620926
0
0
0
0
0
0
0
0
0
0
0
5.57631182735739e-05
0
3.16165544278984e-05
1.94533605680381e-05
2.46099325687848e-05
0
0
0
0
0
0
0
0
0
0
0
0
0
0
0
0
0
0
0
0
0
0
0
0
0
0
0
0
0
0
0
0
0
0
0.000217517910144053
0
0
0
0
0
0
0
0
0
0
0
0
0
0
0
0
0
0
0.000908265213442325
0
0
0
0
0
0
0
0.00100452034153692
0
0
0
0
0
0
0
0
0
0
0
0
0
0
0
0
0
0
4.66448368830054e-06
0
0
0
0
0
0
0
0
0
0
0
0
0
0
0
0
0
0
0
0
0
0
0
0
0
0
0
0
0
0
0
0
0
0
0
0
0
0
0
0
0
0
0
0
0.000806921279566648
0
0
0.000301477238468496
0
0
0
0
0
0
0
0
0
0
0
0
0
0
0
0
0
0
0
0
0
0
0
0
0
0
0
0
0
0
0
0
0
0
0
0
0
0
0
0
0
0
0
0
0
0
0
0
0
0
0
0
0
0
0
0
0
0
0
0
0
0
0
0
0
0
0
0
0
0
0
0
0
0
0
0
0
0
0
0
0
0
0
0
0
0
0
0.00383813860802571
0
0
0.0066324992463069
0
0
0
0
0
0
0
0
0
0
0
0.000588581518540318
0.000745712155108128
0
0
0.000908265213442325
0
0.00153964588144727
0
0.0023094688221709
0
0.0023767082590612
0
0
0
0.00104712041884817
0
0
0
0.000366300366300366
0
0
0
0
0
0
0
0
0
0
0
0
0
0
0
0
0
0
0
0
0
0
0
0
0
0
0
0
3.05922662750857e-05
0
0
0
0
0
0
0
0
0
0
0
0
0
0
0
0
0
0
0
0
0
0
0
0
0
0
0
0
0
0
0
0
0
0
0
0
0
0
0
0
0
0
0
0
0
0
0
0
0
0
0
0
0
0
0
0
0
0
0
0
0
0
0
0
0
0
0
0
0
0
0
0
0
0
0
0
0
0
0
0
0
0
9.48496632836953e-05
0
0
0
0
0
0
1.24971881326701e-05
0
0
0
0
0
0
0
0
0
0
0
0
0
0
0
0
0
0
0
0
0
0
0
0
0
0
0
0
0
0.0399320782783808
0.012531328320802
0
0.03406692794694
0.0274725274725275
0
0
0
0
0
0
0
0
0
0
0.0541494997057092
0.150633855331842
0.230113636363636
0.14418272662384
0.0072661217075386
0.129985228951256
0.108545034642032
0.252680652680653
0.0046189376443418
0.313451776649746
0.234699940582294
0.224310776942356
0.406830738322451
0.133211678832117
0.00104712041884817
0.240896358543417
0.0806451612903226
0.155540261527873
0.115018315018315
0.125786163522013
0
0.104769351055512
0.187055476529161
0.228571428571429
0.344827586206897
0.133790737564322
0
0.146144547103014
0.145276474188941
0.0655016994236737
0.0423138429866
0.00525220863302641
0.0592927986200949
0.0433395426261345
0.146565196711286
0.0198102387655093
0.220204841713222
0.0848993475715162
0.126988969348597
0.186980302886591
0.0421165256298025
0.00291627700940099
0.103356402508367
0.00387596899224806
0.0883985289200936
0.0272033428559246
0.0748331625384289
0.0145925110132159
0.10484736593534
0.21542152159013
0.0794889992902768
0.0436909031626997
0.117658442186744
0
0
0
0
0
0.5
0
0.0222496909765142
0
0
0.5
0
0.00111982082866741
0.272727272727273
0
0
0
0
0
0
0
0.00474248316418477
0
0.0621680220605261
0
0
0.0382876092854989
0.021978021978022
0
0
0
0
0
0
0
0
0
0
0.0417892878163626
0.000372856077554064
0
0
0.0208900999091735
0
0.00153964588144727
0.000466200466200466
0.0184757505773672
0
0
0
0.00200904068307383
0
0.018848167539267
0
0
0
0
0.00269541778975741
0.0861244019138756
0.000781860828772478
0
0.0285714285714286
0.00862068965517241
0
0
0.0156290475779294
0.0362783105488676
0.00011083197872026
0.00645185008179696
0.0108729114774286
0.0137990513152221
0.00602433514327613
0.000611537677515798
0.00777349135184606
0.000465549348230912
0.0089499804829086
0.011319664103017
0.0264314395017231
0.0160684758291995
0.0103361716788896
0.00682327712252656
0.00193798449612403
0.0184553660982949
0.0119529839821487
0.00823564697942963
0.0239537444933921
0.000128805117856683
0.00431802604523646
0.0028388928317956
0.0257580697750245
0.00145137880986938
0
0
0
0
0
0
0
0.0395550061804697
0
0.00174978127734033
0
0
0.00447928331466965
0
0
0
0.0702702702702703
0
0.0588235294117647
0.0526315789473684
0
0.0137532011761358
0
0.0243269224022397
0
0
0.0331624962315345
0.00549450549450549
0
0
0
0
0
0
0
0
0
0
0.0253090052972337
0
0
0
0.0136239782016349
0
0
0
0.0092378752886836
0
0
0
0.00200904068307383
0
0.012565445026178
0.000933706816059757
0
0
0.182051282051282
0
0
0
0
0
0
0
0
0.0387488127104741
0.00114262395429504
0.00905127826215457
0.000753634909839531
0.014557853591186
0.00107805088400172
0.00118901351512029
0.000101922946252633
0.0382766250767502
0.000232774674115456
0.000975854569787543
0.00244055169313274
0.00123304562268804
0.0113024024900302
0.0174484421912684
0.00100724567046821
0
0.00603715909633663
0.10699413010418
0.00187457821990052
0.027502447381302
0.000214675196427805
0.000959561343385881
0.0461320085166785
0.0828170850994457
0.000483792936623125
0
0
0
0
0.130434782608696
0
0.0433673469387755
0.0185414091470952
0.0515463917525773
0.00349956255468067
0
0.0714285714285714
0.0503919372900336
0
0.04
0
0.00540540540540541
0
0
0.0175438596491228
0
0.00170729393910652
0.05
0.0362974241669415
0.0050125313283208
0
0.0325595417545975
0.021978021978022
0
0
0
0
0
0
0
0
0
0
0.0400235432607416
0
0.000946969696969697
0
0.041780199818347
0
0.000769822940723634
0
0.0646651270207852
0
0
0
0
0.000912408759124088
0.025130890052356
0
0
0
0.000366300366300366
0
0.0478468899521531
0
0
0
0.00862068965517241
0
0
0.032153959070892
0.00326463986941441
0.000812767843948574
0.0185651526570226
0.0279915666134916
0.0516745723731493
0.0188458642146566
0.000339743154175443
0.0796927675251103
0.000465549348230912
0.00245357720403725
0.0604197106661743
0.0189383161023112
0.105709561326719
0.0250775212875917
0.00500373655651948
0
0.0838228972632182
0.0088545886098438
0.00326176610262691
0.0503242780225159
0.000515220471426731
0.0178889650445511
0.0007097232079489
0.0273883273557222
0.00019351717464925
0
0
0.04
0
0
0
0.00255102040816327
0.0234857849196539
0
0.0135608048993876
0
0
0.0985442329227324
0
0
0
0.0108108108108108
0
0
0
0.0505050505050505
0.0906762780992127
0
0.0178224352182547
0.132832080200501
0
0.0771781730479349
0.00824175824175824
0
0.0909090909090909
0.2
0
0
0
0
0.5
0
0.5
0.00882872277810477
0.222222222222222
0.0482954545454545
0.194860813704497
0.0799273387829246
0.147710487444609
0.270977675134719
0.305827505827506
0.0300230946882217
0.168781725888325
0.131907308377897
0.24812030075188
0.205424409844299
0.177007299270073
0.06282722513089
0.169934640522876
0
0.189263592567103
0.06996336996337
0.183288409703504
0.00478468899521531
0.414386239249414
0.315789473684211
0.142857142857143
0.0689655172413793
0.171526586620926
0
0.00307615922631897
0.35478473780861
0.0666839071966898
0.317960406595225
0.0647383691099232
0.122394710363662
0.419840672188974
0.292009241013794
0.158597759473581
0.523510242085661
0.245552891317682
0.176072959650616
0.243953333965664
0.0758875595759167
0.100359305015504
0.218832244858173
0
0.141672636958495
0.105388081126793
0.260228948486591
0.01786588350465
0.524150959598128
0.387045921864291
0.119943222143364
0.0374959243560483
0.393904208998549
0
0
0
0
0
0
0
0.0333745364647713
0
0.0188101487314086
0
0
0.0492721164613662
0
0
0
0.0378378378378378
0
0
0
0
0.0457175377027412
0
0.014819284716911
0
0
0.0138679529695508
0
0
0
0
0
0
0
0
0
0
0
0.0200117716303708
0
0
0
0.0072661217075386
0
0.000769822940723634
0
0
0
0
0
0
0
0.0115183246073298
0.0065359477124183
0
0
0.000366300366300366
0
0.0239234449760766
0
0
0
0.00862068965517241
0
0
0.0274911492962611
0.00028565598857376
0.00011083197872026
0.000716872231310773
0.0102292127284431
0.0807819462411959
0.000693591217153502
0.000203845892505266
0.0108782539186042
0
0.00103161768806112
0.0136638782293155
0.00268740712637137
0.00395875887559576
0.0195525914258995
0.00172206517854242
0
0.00577924248937288
0.00267201068804275
0.000962283486215602
0.00881057268722467
8.58700785711219e-05
0.000411240575736806
0.0028388928317956
0.0101075970003261
0
0
0
0
0
0
0
0
0.00247218788627936
0
0.0174978127734033
0
0
0
0
0.08
0
0.00540540540540541
0
0
0
0
0.0499857725505074
0.1
0.073296519011767
0
0
0.035875791377751
0.021978021978022
0
0
0
0
0
0
0
0
0
0
0.0147145379635079
0
0
0
0.0317892824704814
0
0
0
0.0184757505773672
0
0
0
0.000502260170768458
0.00273722627737226
0.0031413612565445
0
0
0
0
0.000898472596585804
0.0191387559808612
0
0
0
0
0
0
0.0329095069510405
0.00028565598857376
0.00011083197872026
0.00775692516956786
0.0249643166997845
0.0281730631019117
0.0220760175974
0.000135897261670177
0.0753136621137872
0
0.00446104946188591
0.0105489635683435
0.00765120617155142
0.126398210290828
0.0325712457547866
0.0170581928063164
0
0.025810765630224
0.00815816029221564
0.0116848709040466
0.032856093979442
0.000214675196427805
0.00150788211103496
0.0007097232079489
0.0182588849038148
0.00019351717464925
0
0
0.04
0
0
0
0.0127551020408163
0.0296662546353523
0
0.00393700787401575
0
0
0.013437849944009
0
0.08
0
0.00540540540540541
0
0
0.0087719298245614
0
0.0294982452812293
0
0.0300244883066582
0.0025062656641604
0
0.0141694302080193
0.0164835164835165
0
0
0
0
0
0
0
0
0
0
0.00588581518540318
0.00410141685309471
0.168560606060606
0.00285510349750178
0.00272479564032698
0
0.00846805234795997
0
0
0.00380710659898477
0.0089126559714795
0.0012531328320802
0.000502260170768458
0
0.0031413612565445
0.0317460317460317
0
0.0165175498967653
0.0186813186813187
0.103324348607367
0.00478468899521531
0
0.00284495021337127
0.0285714285714286
0
0.0102915951972556
0
0.00294663673257922
0.000856967965721281
0.497709472439781
0.013730860430491
0.00468780610674204
0.011858559724019
0.0294677182830645
0.000271794523340355
0.000741435836837776
0.000465549348230912
0.0224446551051135
0.00586053531574638
0.0081886875968257
0.0104367279447525
0.00204262440320914
0.00851285050524742
0
0.0140994411806849
0.0137722253016672
0.0223074808168162
0.00100954478707783
0
0.00397532556545579
0.0156139105748758
0.00228236061297685
0.000483792936623125
0
0
0
0
0.130434782608696
0
0.00255102040816327
0.00865265760197775
0
0
0
0
0.00335946248600224
0
0
0
0.0810810810810811
0
0
0.0526315789473684
0
0.00569097979702172
0
0.0229937481142601
0.0025062656641604
0
0.0479348809164908
0.0164835164835165
0
0
0
0
0
0
0
0
0
0
0.0105944673337257
0.0507084265473527
0.0274621212121212
0.155603140613847
0.0499545867393279
0.100443131462334
0.0900692840646651
0.0680652680652681
0
0.0520304568527919
0.0671420083184789
0.196115288220551
0.120040180813661
0.251824817518248
0.00837696335078534
0.112978524743231
0
0.116311080523056
0.125274725274725
0.150044923629829
0.148325358851675
0.106333072713057
0.256045519203414
0.171428571428571
0.0689655172413793
0.0754716981132075
0
0.0160499956825835
0.0689655172413793
0.0563395891827989
0.0937632115875963
0.0395035123562173
0.112620382348714
0.0401688399191471
0.0618332540599307
0.00105422908050371
0.0223463687150838
0.0456421123069202
0.138180183362502
0.111796136457049
0.0455889504911974
0.00879805089334055
0.0687526399584105
0.00387596899224806
0.093891197401729
0.0381614292414616
0.127221375190582
0.187744738130201
0.0856983384139797
0.120150788211103
0.159687721788502
0.006521030322791
0.161006289308176
0
0
0
0
0
0.037037037037037
0
0
0
0.0144356955380577
0
0
0
0
0
0
0
0
0
0
0
0.00180214360239021
0
0.00532568044513988
0.0200501253132832
0
0.00934579439252336
0.00549450549450549
0
0
0
0
0
0
0
0
0
0
0.00294290759270159
0.00149142431021626
0
0.00713775874375446
0
0.00147710487444609
0.00153964588144727
0.000466200466200466
0
0
0.0011883541295306
0.0006265664160401
0
0.000912408759124088
0
0.000933706816059757
0
0
0.00805860805860806
0.0269541778975741
0
0
0.000711237553342817
0
0
0.00171526586620926
0
0.00164061825403678
0.00175474392981024
0
0.0030329209786225
0.00121276575895814
0.00359350294667242
0.000931393920177559
0.000169871577087722
0
0
0.00560419338649417
0.00211942647035211
0.000189699326567391
0.0026553837175372
0.000959787370182606
0.00380154011112194
0
0.00149018484023499
0.00649526002359329
0.0151091004523982
0.000458883994126285
0.000815765746425658
0.00047978067169294
0.0007097232079489
0.00097815454841865
0.00106434446057088
0
0
0
0
0
0
0
0.00494437577255871
0
0.000437445319335083
0
0
0
0
0
0
0.00540540540540541
0
0
0
0
9.48496632836953e-05
0
0.0395461594055446
0
0
0.0201989749773892
0.00824175824175824
0
0
0
0
0
0
0
0
0
0
0.0200117716303708
0
0
0
0.0181653042688465
0
0
0
0.0115473441108545
0
0
0
0
0
0.0146596858638743
0
0
0
0.00293040293040293
0
0.00956937799043062
0
0
0
0.0172413793103448
0
0
0.0368599430101028
0.00024484799020608
0.0245308112900842
0.00316159035347315
0.0306176709300048
0.0127928704901538
0.00332923784233681
0.00023782020792281
0.0248960252088185
0.00256052141527002
0.0641833491328835
0.0140973972800694
0.0060387618957286
0.0324773854683397
0.0191342225722302
0.00597849043116613
0
0.026957061661174
0.0145539305561478
0.00492389212427204
0.0344774840920215
4.29350392855609e-05
0.00486634681288554
0.0028388928317956
0.00880339093576785
0.000870827285921626
0
0
0
0
0.0869565217391304
0
0
0.00865265760197775
0
0
0
0
0
0
0
0
0
0
0
0
0.121212121212121
0.264820259888077
0
0.0241865882666629
0.0025062656641604
0
0.0223093156466687
0.00549450549450549
0
0
0
0
0
0
0
0
0
0
0.141848145968217
0.0428784489187174
0.0757575757575758
0
0.185286103542234
0.115214180206795
0.0177059276366436
0
0.0438799076212471
0
0.0932857991681521
0.0025062656641604
0.000502260170768458
0
0.0879581151832461
0.0709617180205415
0
0
0.0424908424908425
0
0.110047846889952
0.0688037529319781
0.000711237553342817
0
0.00862068965517241
0
0
0.0865749935238753
0.0628443174862273
0.0169572927441998
0.00461371615535908
0.0903510490423815
0.05835848785396
0.0153977250208077
0.00356730311884216
0.0430843730812452
0.000232774674115456
0.0518596999944237
0.0621858993914677
0.00467925005532897
0.00651687579029277
0.06328444160063
0.0702797543620236
0
0.0167836843864928
0.0349635441094956
0.00624859406633507
0.0615516397454723
0.0402730668498562
0.00328992460589445
0.0035486160397445
0.0635800456472123
0.000677310111272375
1
0
0.12
0.333333333333333
0.130434782608696
0
0.0280612244897959
0.0605686032138443
0.0824742268041237
0.0818022747156605
0
0
0.0111982082866741
0
0.04
0
0.0324324324324324
0.272727272727273
0.0588235294117647
0.0526315789473684
0.101010101010101
0.0294982452812293
0
0.0346344646603563
0
0
0.0283388604160386
0.0302197802197802
0
0
0
0
0
0
0
0
0
0
0.0794585050029429
0
0
0.000713775874375446
0.0508628519527702
0
0.000769822940723634
0
0.0577367205542725
0
0
0
0
0
0.0230366492146597
0
0
0
0.0245421245421245
0
0.0382775119617225
0.000781860828772478
0
0
0.0172413793103448
0
0
0.0447176409636474
0.000571311977147521
0.00011083197872026
0.00446666544124405
0.0235183267564113
0.0065401753629438
0.00477587095239983
0.00346538017258952
0.0206443540819518
0.000931098696461825
0.00482350973066414
0.0112072702750438
0.0516614499351861
0.00430891936582045
0.058202490525176
0.0044838678233746
0
0.0241008740507236
0.0246734603959692
0.00587367842235497
0.0429515418502203
0.000128805117856683
0.00109664153529815
0.0078069552874379
0.0622758395826541
0.00058055152394775
0
0
0.04
0
0.0434782608695652
0
0.0994897959183673
0.0296662546353523
0.0206185567010309
0.0161854768153981
0.125
0
0.0414333706606943
0
0.08
0.363636363636364
0.0162162162162162
0
0
0.280701754385965
0.0202020202020202
0.0231433178412217
0
0.016706778840419
0.0225563909774436
0
0.0147723846849563
0.010989010989011
0
0
0
0
0
0
0
0
0
0
0.163037080635668
0
0.000946969696969697
0.00142755174875089
0.0762942779291553
0
0.00153964588144727
0
0.224018475750577
0
0.035650623885918
0
0
0
0.0345549738219895
0
0
0
0.0168498168498168
0
0.062200956937799
0
0
0
0.0172413793103448
0
0
0.15281495553061
0.000326463986941441
0.000147775971627013
0.00124993106997776
0.201785564355881
0.00208423170907
0.00681701082002299
0.00648909424475097
0.220716180678645
0.000465549348230912
0.0195449729548876
0.00176618872529343
0.00230800847323659
0.0221087442855753
0.151400305163164
0.00246937648243818
0
0.0130295648851316
0.0116687275259739
0.00186208103176785
0.0544542339696525
0.000128805117856683
0.00349554489376285
0.0007097232079489
0.0772742093250734
0
0
0
0.16
0.5
0.260869565217391
0
0.178571428571429
0.0197775030902349
0.0824742268041237
0.390638670166229
0.125
0
0.360582306830907
0
0.28
0.272727272727273
0.210810810810811
0.181818181818182
0.117647058823529
0.192982456140351
0
0.122640614625818
0
0.0604278787793737
0.0075187969924812
0
0.0367802230931565
0.0302197802197802
0
0
0
0
0
0
0
0
0
0
0.00117716303708064
0.217002237136465
0.254734848484849
0.19271948608137
0
0.0989660265878877
0.144726712856043
0.251748251748252
0.0069284064665127
0.336294416243655
0.212715389185977
0.154135338345865
0.153691612255148
0.243613138686131
0.225130890052356
0.155929038281979
0
0.317274604267034
0.0575091575091575
0.130278526504942
0
0.126661454261142
0.115220483641536
0
0.189655172413793
0.113207547169811
0
0.00124125723167257
0.129157314833707
0.117814393379636
0.0547580096685845
0.00289197988674634
0.0702889176369125
0.0272284094962546
0.160019025616634
0.0181767629374761
0.136173184357542
0.073802487035075
0.0924198391162634
0.0844478168769168
0.0244139675128879
0.120207215632229
0.0991324690515645
0
0.0811291015904857
0.0216745547833255
0.0647979204678947
0.00275330396475771
0.166716757545833
0.0874571624400274
0.0390347764371895
0.0156504727746984
0.12656023222061
0
0
0
0
0
0.222222222222222
0
0.0197775030902349
0
0
0
0
0.00335946248600224
0.727272727272727
0
0
0
0
0
0
0
0.000948496632836953
0
0.0415248707171776
0
0
0.0355743141392825
0.00824175824175824
0
0
0
0
0
0
0
0
0
0
0.0206003531489111
0
0
0
0.0163487738419619
0
0.000769822940723634
0
0.0069284064665127
0
0
0.0006265664160401
0
0
0.0607329842931937
0
0
0
0.0527472527472527
0
0.0143540669856459
0
0
0
0.0344827586206897
0
0
0.0298873154304464
0.000448887982044481
0.000147775971627013
0.00334540374611694
0.0147724198408478
0.00661204542187725
0.00269509730093932
0.000169871577087722
0.0150256606309156
0
0.00387553672001338
0.00876671858191102
0.0612728824812672
0.00478552669973738
0.0662130235763154
0.0584527406829775
0
0.0118068491187849
0.0521326340624511
0.00333674923142293
0.0159079784630445
0.000171740157142244
0.00123372172721042
0.132718239886444
0.0831431366155853
9.67585873246251e-05
0
0
0
0
0
0
0
0.0222496909765142
0.103092783505155
0.00174978127734033
0
0
0
0
0.04
0
0.205405405405405
0
0
0.0614035087719298
0
0.026463056056151
0
0.000813937986345489
0
0
0.000301477238468496
0.00549450549450549
0
0
0
0
0
0
0
0
0
0
0.00176574455562095
0.000372856077554064
0
0
0.00454132606721163
0
0
0
0.0046189376443418
0
0
0
0
0
0
0
0
0
0
0
0
0
0
0
0
0
0
0.000453328728089111
0
0.000701935865228314
0
0.000373158695064043
0
3.9633783837343e-05
0
0.00104264414555312
0
2.78815591367869e-05
0.000112393827973218
3.16165544278984e-05
0.000690594300165354
0.000319929123394202
3.24917958215551e-05
0
0.000105077136170416
0.000383746215835927
0
9.1776798825257e-05
0
0
0.0007097232079489
0
0
0
0
0
0
0
0
0
0.00123609394313968
0
0.00131233595800525
0
0
0
0
0
0
0
0
0
0
0
0
0
0.0307542258116576
0
0
0.0280373831775701
0.00274725274725275
0
0
0
0
0
0
0
0
0
0
0.113007651559741
0.172259507829978
0.0662878787878788
0.0820842255531763
0.07811080835604
0.302806499261448
0.21401077752117
0
0.0739030023094688
0
0.115270350564468
0
0
0
0.0575916230366492
0.0793650793650794
0
0
0.0010989010989011
0.0763701707097934
0.119617224880383
0.0750586395621579
0.00142247510668563
0
0
0
0
0.124686987306796
0.0885941644562334
0.0300724102260972
0.0465047883388784
0.218498409411062
0.0529682334339514
0.0492449764178986
0.0310525242916355
0.0150604154357673
0.000698324022346369
0.0454469413929627
0.00337181483919654
0.00344620443264093
0.00528158739422235
0.118139981296451
0.111186925301361
0.00193798449612403
0.0135358456321345
0.00375218522150684
0.0650353670424155
0.128456926089085
0.0438366751105577
0.0143934201507882
0.0007097232079489
0.0358656667753505
0.00019351717464925
0
0
0
0
0.130434782608696
0
0.522959183673469
0.0593325092707046
0
0.250656167979003
0
0
0.0257558790593505
0
0.04
0
0.254054054054054
0.0909090909090909
0
0.087719298245614
0
0.00180214360239021
0
0.0634169958671597
0.50125313283208
0
0.0425082906240579
0.0137362637362637
0
0
0
0
0
0
0
0
0
0
0.0447321954090642
0
0
0
0.0554041780199818
0
0.000769822940723634
0.00186480186480186
0.143187066974596
0
0
0.0012531328320802
0
0
0.0429319371727749
0
0
0
0
0.0233602875112309
0.0239234449760766
0
0
0
0.0172413793103448
0
0
0.0444370088938779
0.0114262395429504
0.000849711836855327
0.0388030071871037
0.0439394363437911
0.0549087250251545
0.0359082081566327
0.00159679282462458
0.110763563062593
0.000465549348230912
0.041878101823454
0.0315505531381962
0.0253248600967467
0.0582919949421263
0.0385760693015701
0.0394450401273678
0
0.0592157424654917
0.0501144132236103
0.0461896073383489
0.0788974547234459
0.000214675196427805
0.010692254969157
0.0063875088715401
0.116400391261819
0.00058055152394775
0
0.0625
0.2
0
0.0434782608695652
0
0.0331632653061225
0.182941903584672
0
0.0153105861767279
0
0
0.245240761478163
0
0.04
0
0.0432432432432432
0.0909090909090909
0.0588235294117647
0.175438596491228
0.292929292929293
0.0884947358436877
0.05
0.0390128896903527
0.162907268170426
0
0.0250226107928851
0.0412087912087912
0
0
0
0
0
0
0
0
0
0
0.0264861683343143
0.000372856077554064
0
0
0.0236148955495005
0
0
0.000466200466200466
0.0392609699769053
0
0
0.0012531328320802
0
0
0.043979057591623
0
0.0161290322580645
0
0.168131868131868
0
0.0334928229665072
0
0
0
0.00862068965517241
0
0
0.0811566358690959
0.00334625586614977
0.0622506280478794
0.00551440177931364
0.0347643969289039
0.055627425614489
0.00951210812096231
0.142318407284093
0.0794263140212468
0.00256052141527002
0.0511905425751408
0.026300155745733
0.00869455246767207
0.0789417371850987
0.0436334104444554
0.0380803847028625
0
0.0462912547165305
0.244133657385693
0.0315054112824614
0.0679454233969652
4.29350392855609e-05
0.00562028786840302
0.104329311568488
0.0378219758721878
0.000677310111272375
0
0
0.12
0
0.0434782608695652
0
0.0586734693877551
0.030902348578492
0.628865979381443
0.0433070866141732
0.125
0.928571428571429
0.0716685330347144
0
0.04
0.363636363636364
0.0108108108108108
0
0.705882352941177
0.0175438596491228
0
0.0314900882101869
0
0.00863756604475256
0.0025062656641604
0
0.0195960205004522
0.00549450549450549
0
0
0
0
0
0
0
0
0
0
0.0300176574455562
0.0779269202087994
0.03125
0.127765881513205
0.07811080835604
0.0251107828655835
0.0769822940723634
0.0918414918414918
0
0.111675126903553
0.0516934046345811
0.12218045112782
0.0527373179306881
0.0410583941605839
0.118324607329843
0.0410830999066293
0.806451612903226
0.0915347556779078
0.032967032967033
0.0664869721473495
0.00478468899521531
0.017982799061767
0.0170697012802276
0.0571428571428571
0.103448275862069
0.274442538593482
0
0.0149922286503756
0.0532952458681902
0.033397369587705
0.0225355219381284
0.0162743835884806
0.0193330458530976
0.00903650271491419
0.0552762111843446
0.00393887788320069
0.0756517690875233
0.0171192773099872
0.0319680159278111
0.0269373043725695
0.00700320980449373
0.0434488359501895
0.0256360269032069
0.949612403100775
0.0324210727420356
0.0150940178228798
0.029818290884551
0.0343551150269212
0.0145120432785196
0.00644276901987663
0.0099361249112846
0.00423866970981415
0.0485728108369618
0
0
0
0
0
0.222222222222222
0
0.00618046971569839
0
0.000874890638670166
0
0
0
0
0
0
0
0
0
0
0
0.000758797306269563
0
0.0643642512823032
0
0
0.0289418148929756
0.0824175824175824
0
0
0
0
0
0
0
0
0
0
0.0123602118893467
0
0
0.00142755174875089
0.0435967302452316
0
0
0
0.0392609699769053
0
0.0005941770647653
0
0.000502260170768458
0
0.0764397905759162
0.00933706816059757
0
0.000688231245698555
0.0010989010989011
0.000898472596585804
0.00956937799043062
0
0
0
0.0689655172413793
0
0
0.0107827476038339
0.000612119975515201
0.000147775971627013
0.00691138356340643
0.0160878042409486
0.0102055483685497
0.00495422297966787
0.000169871577087722
0.0114459157311832
0
0.00379189204260302
0.0107416387020118
0.00524834803503114
0.0115650228576987
0.022013584682778
0.00675829353088345
0.00193798449612403
0.0143860151884224
0.0082576500518768
0.00786073133544952
0.00611845325501713
0.000128805117856683
0.0019876627827279
0.0049680624556423
0.0045647212259537
0
0
0
0
0
0
0
0.0127551020408163
0.00865265760197775
0.0309278350515464
0.0122484689413823
0
0
0.00895856662933931
0
0.16
0
0
0
0
0
0.0707070707070707
0.0367068196907901
0
0.0271616719408913
0
0
0.0189930660235152
0.0192307692307692
0
0
0
0
0
0
0
0
0
0
0.00117716303708064
0
0
0.00642398286937901
0.0072661217075386
0
0.00307929176289453
0
0.0046189376443418
0
0.0184194890077243
0
0.000502260170768458
0
0.00209424083769634
0
0
0.00137646249139711
0.0216117216117216
0.0170709793351303
0.00478468899521531
0.000781860828772478
0
0
0
0.159519725557461
0
0.00137077972541231
0.000408079983676801
0
0.00856570409720052
0.00744918045021597
0.00991806813281587
0.00346795608576751
0.000849357885438608
0.000637171422282464
0.000465549348230912
0.0190431048904255
0.00341998362261364
0.0041417686300547
0.00685730960023344
0.00297780184082296
0.00370406472365728
0.00193798449612403
0.0113292257725558
0.0077317756079535
0.0110975030618111
0.0656815956926089
0.000128805117856683
0.00143934201507882
0.0092264017033357
0.00423866970981415
0.0832123850991776
0
0
0
0
0
0
0
0.00123609394313968
0
0
0
0
0
0
0
0
0.00540540540540541
0.0909090909090909
0
0
0
0.00502703215403585
0
0.000308735098268978
0
0
0
0
0
0
0
0
0
0
0
0
0
0
0.00412007062978222
0
0
0
0.0108991825613079
0
0
0
0
0
0
0
0
0
0.00209424083769634
0
0
0
0
0
0
0
0
0
0
0
0
0.00178093428892151
0
0.000184719964533767
0
0.00289197988674634
0
0
0
0.00117007843000962
0
0.00119890704288184
1.60562611390312e-05
0
0.000213986966248419
0.00255943298715362
0
0
0.000133734536944166
0
0
0.00260034263338228
0
0
0.0028388928317956
0.0013042060645582
0
0
0
0.04
0
0
0
0
0
0
0.0310586176727909
0
0
0
0
0
0
0
0
0
0
0
0
0
0.000259618150817095
0
0
0
0
0
0
0
0
0
0
0
0
0
0
0.00882872277810477
0.00149142431021626
0.0123106060606061
0.00499643112062812
0.00454132606721163
0
0.00153964588144727
0.00233100233100233
0
0
0.0047534165181224
0.0093984962406015
0.00753390256152687
0.00273722627737226
0
0.0065359477124183
0
0.00137646249139711
0.0124542124542125
0.0116801437556155
0.0143540669856459
0.000781860828772478
0.00640113798008535
0
0
0
0
0.00215870822899577
0.00403999183840033
0.00487660706369144
0.00273881955039244
0.000904909835530305
0.00488716400747449
0.0012484641908763
0.00890127063939662
4.6339739802361e-05
0
0.000920091451513969
0.00478476581943129
0.00297195611622245
0.000943487987549849
0.00187035487522764
0.00178704877018553
0
0.00170989157950041
0.00592674711124376
0.00311179984503487
0.002141458639256
0.00047228543214117
0.000411240575736806
0.0134847409510291
0
0.00164489598451863
0
0
0
0
0
0
0
0
0
0.000437445319335083
0
0
0
0
0
0
0
0
0
0
0
0
0
0.0178364686318123
0
0
0.0144709074464878
0.010989010989011
0
0
0
0
0
0
0
0
0
0
0.0182460270747499
0
0.000946969696969697
0.00142755174875089
0.00635785649409628
0
0
0.0027972027972028
0.0277136258660508
0
0
0
0
0
0.00104712041884817
0
0
0
0
0.00179694519317161
0.00478468899521531
0
0
0
0
0
0
0.00474915810379069
0.00012242399510304
0.00011083197872026
0.00321673437126629
0.00854999860065489
0.0105648986632169
0.00291308311204471
0.000101922946252633
0.00721741447421773
0.000232774674115456
0.0025651034405844
0.00372505258425523
0.00335135476935724
0.00787861103005544
0.00478663188462864
0.00503622835234103
0
0.00925634044992119
0.00234511576344178
0.00572371216476293
0.0115332843857073
8.58700785711219e-05
0.000959561343385881
0
0.0032605151613955
0.00677310111272375
0
0
0
0
0
0
0
0.00865265760197775
0
0.0113735783027122
0
0
0.00111982082866741
0
0
0
0
0
0
0
0.333333333333333
0.0367068196907901
0
7.01670677884042e-06
0
0
0
0
0
0
0
0
0
0
0
0
0
0
0
0
0
0
0
0
0
0
0
0
0
0
0
0
0
0
0
0
0
0
0
0
0
0
0
0
0
0
0
0
0
0
0
0
0
0
0
0
0
0
0
0
0
0
0
0
0
0
0
0
0
0
0
0
0
0
0
0
0
0
0
0
0
0
0
0
0
0
0
0
0
0
0
0
0
0
1.40334135576808e-05
0
0
0.00331624962315345
0
0
0
0
0
0
0
0
0
0
0
0
0
0
0
0
0
0
0
0
0
0
0
0
0
0
0
0
0
0
0
0
0
0
0
0
0
0
0
0
0
0
0
0
0
0
0
0.000465549348230912
0
0
3.16165544278984e-05
0
0
0
0
0
0
0
0
0
0
0
0
0
0
0
0
0
0
0
0
0
0
0
0
0
0
0
0
0
0
0
0
0
0
0
0
2.10501203365213e-05
0
0
0
0
0
0
0
0
0
0
0
0
0
0
0
0
0
0
0
0
0
0
0
0
0
0.0012531328320802
0.000502260170768458
0
0
0
0
0
0
0
0
0
0
0
0
0
0
0
0
0
5.51440177931364e-05
0
0
0
0
0
0
2.78815591367869e-05
0
9.48496632836953e-05
5.83600817041144e-05
0
0
0
1.91049338491665e-05
1.4212822808738e-05
0
0
0
0.000137080191912269
0
0
9.67585873246251e-05
0
0
0
0
0
0
0
0
0
0
0
0
0
0
0
0
0
0
0
0
0
0
0
0
0
0
0
0
0
0
0
0
0
0
0
0
0
0
0
0
0
0
0
0
0
0
0
0
0
0
0
0
0
0
0
0
0
0
0
0
0
0
0
0
0
0
0
0
0
0
0
0
0
0
0
0
4.81687834170935e-05
0
0
0
0
0
0
0
1.24971881326701e-05
0
0
0.000137080191912269
0
0
0
0
0
0
0
0
0
0
0
0
0
0
0
0
0
0
0
0
0
0
0
0
0
0
0
0
0
0
0
0
0
0
0
0
0
0
0
0
0
0.00117716303708064
0
0
0
0
0
0
0
0
0
0
0
0.000502260170768458
0
0
0
0
0
0
0
0
0.00156372165754496
0
0
0
0
0
0.000118728952594767
0
0
1.83813392643788e-05
0
0.000215610176800345
0
0
0
0
2.78815591367869e-05
1.60562611390312e-05
0
9.72668028401906e-06
0
0
0
0
0
0
0
0
0
0
0
0
0
0
0
0
0
0
0
0
0
0
0
0
0
0
0
0
0
0
0
0
0
0
0
0
0
0
0
0
0
0
0
0
0
0
0
0
0
0
0
0
0
0
0
0
0
0
0
0
0
0
0
0
0
0
0
0
0
0
0
0
0
0
0
0
0
0.000215870822899577
0
0
0
2.33224184415027e-05
0
0
0
1.15849349505903e-05
0
0
6.42250445561247e-05
0
0.000116720163408229
2.46099325687848e-05
0
0
9.55246692458327e-05
0
0
0
0
0
0
0
0
0
0
0
0
0
0
0
0
0
0
0
0
0
0
0
0
0
0
0
0
0
0
0
0
0
0
0
0
0
0
0
0
0
0
0
0
0
0
0
0
0
0
0
0
0
0
0
0
0
0
0
0
0
0
0
0
0
0
0
0
0
0
0
0
0
0
0.000775351968985921
0.00203191960987143
0.000110288035586273
0
0.000215610176800345
0.000217985811105386
0.00023782020792281
0.00181883478724267
0
0
0.000465631573031904
0.000158082772139492
9.72668028401906e-06
0
0.000454885141501771
0
0.00055404308162583
7.10641140436902e-05
0.000137469069459372
6.11845325501713e-05
8.58700785711219e-05
0
0
0.0019563090968373
9.67585873246251e-05
0
0
0
0
0
0
0
0
0
0
0
0
0
0
0
0
0
0
0
0
0
0
0
8.4200481346085e-05
0.0025062656641604
0
0
0
0
0
0
0
0
0
0
0
0
0
0
0
0.00946969696969697
0.00285510349750178
0
0.0118168389955687
0.0023094688221709
0.000932400932400932
0
0.00253807106598985
0
0.0043859649122807
0.00150678051230537
0
0
0.000933706816059757
0
0.00344115622849277
0.000732600732600733
0
0
0.00156372165754496
0
0
0
0
0
0
0.000408079983676801
0.000997487808482341
0.000643346874253258
0
0.00481529394854104
0.000515239189885458
0.00186858734796494
0.000208528829110625
0
2.78815591367869e-05
0.000722531751256402
0.00120142906826014
0.000252893687384496
8.61347639907467e-05
0.000682327712252656
0
0.000506280747002914
0.000355320570218451
0.00151215976405309
0.00113191385217817
0.00446524408569834
0.000411240575736806
0
0.00358656667753505
0.00058055152394775
0
0
0
0
0
0
0
0.00865265760197775
0
0
0.125
0
0
0
0
0
0
0
0
0
0
0
0
0
0
0
0
0
0
0
0
0
0
0
0
0
0
0
0
0
0
0
0
0
0
0
0
0
0
0
0
0
0
0
0
0
0
0
0
0
0
0
0
0
0
0
0
0
0
0
0.00043122035360069
0.000158535135349372
0
0
0
0
0
0.000221315880995289
0
0
0.000162458979107775
0
0.000152839470793332
0
7.49831287960209e-05
0.0014990210474792
0
0
0
0
0
0
0
0
0
0
0
0
0
0
0
0
0
0
0
0
0
0
0
0
0
0
0
0
0
0
0
0
0
0
0
0
0
0
0
0
0
0
0
0
0
0
0
0
0
0
0
0
0
0
0
0
0
0
0
0
0
0
0
0
0
0
0
0
0
0
0.000723167256713583
0
0
1.83813392643788e-05
0.00299926301157725
0
0
0
0.0165432871094429
0
0
0
0
0
0.00174730521238372
0
0
0
0
0
0.000152961331375428
0
0
0
0
0
0
0
0
0
0
0
0
0
0
0
0
0
0
0
0
0
0
0
0
0
0
0
0
7.01670677884042e-06
0
0
0
0
0
0
0
0
0
0
0
0
0
0
0
0
0
0
0
0
0
0
0
0
0
0
0
0
0
0
0
0
0
0
0
0
0
0
0
0
0
0
0
3.69439929067534e-05
1.83813392643788e-05
4.66448368830054e-06
0
0
0
0
0
0
0
0
9.72668028401906e-06
0
0
0
2.86574007737498e-05
0
0
0
0
0
0
0
0
0
0
0
0
0
0
0
0
0
0
0
0
0
0
0
0
0
0
0
0
0
0
0
0
0
0
0
0
0
0
0
0
0
0
0
0
0
0
0
0
0
0
0
0
0
0
0
0
0
0
0
0
0
0
0
0
0
0
0
0
0
0
0
0
0
0.000129522493739746
0
0
0
0
0
0
0
0
0
0
0
0
0
2.46099325687848e-05
0
0
0
0
0
0
0
0
0
0
0
0
0
0
0
0
0
0
0
0
0
0
0
0
0
0
0
0
0
0
0
0
0
0
0
0
0
0
0
0
0
0
0
0
0
0
0
0
0
0.00529723366686286
0
0
0
0
0
0
0
0
0
0
0
0
0
0
0
0
0
0
0
0
0
0
0
0
0
0
0.00191045678266126
0
0
0
0.00195908314908623
0
0
0
0
0
0
0
0
0
0.0017719151449525
0
0
0
0
0
0.00437469407733725
0
0
0
0
0
0
0
0
0
0
0
0
0
0
0
0
0
0
0
0
0
0
0
0
0
0
0
0
0
0
0
0
0
0
0
0
0
0
0
0
0
0
0
0
0
0
0
0
0
0
0
0.0046189376443418
0
0
0
0
0
0
0
0
0
0
0
0
0
0
0
0
0
0
0
0
0
0
3.73158695064043e-05
0
0
0
0
0
0
0
0
0
1.23049662843924e-05
0
0
0
0
0
0
0
0
0
0
0
0
0
0
0
0
0
0
0
0
0
0
0
0
0
0
0
0
0
0
0
0
0
0
3.50835338942021e-05
0
0
0
0
0
0
0
0
0
0
0
0
0
0
0
0
0
0
0
0
0
0
0
0
0
0
0
0
0
0
0
0
0
0.000898472596585804
0
0
0
0
0
0
0
0
4.08079983676801e-05
0
0
9.32896737660108e-06
0
0
0
1.15849349505903e-05
0
2.78815591367869e-05
3.21125222780623e-05
9.48496632836953e-05
9.72668028401906e-06
0
0
0
9.55246692458327e-06
0
1.24971881326701e-05
0
4.29350392855609e-05
0
0
0
0.000483792936623125
0
0
0
0
0
0
0
0
0
0
0
0
0
0
0
0
0
0
0
0
0
0
0
0
0
0
0
0
0
0
0
0
0
0
0
0
0
0
0
0
0
0
0
0
0
0
0
0
0
0
0
0
0
0
0
0
0
0
0
0
0
0
0
0
0
1.07935411449788e-05
0
0
0
0
0
0
0.000203845892505266
0
0
0
0
0
0
0
0
0
3.82098676983331e-05
0
0
0
0
0
0
0
0
0
0
0
0
0
0
0
0
0
0
0
0
0
0
0
0
0
0
0
0
0
0
0
1.40334135576808e-05
0
0
0
0
0
0
0
0
0
0
0
0
0
0
0
0.000372856077554064
0
0
0
0
0.000769822940723634
0.000932400932400932
0
0.00253807106598985
0.0011883541295306
0.0012531328320802
0
0
0
0
0
0
0.000732600732600733
0
0
0
0.000711237553342817
0
0
0
0
0
0
0
0
0
0.00086244070720138
1.98168919186715e-05
0
0
0.000465549348230912
0
6.42250445561247e-05
6.32331088557969e-05
0
0.00103361716788896
0
0
0.000620910350097913
0
0
0
0
0
0
0
0
0
0
0
0
0
0
0
0
0
0
0
0
0
0
0
0
0
0
0
0
0
0
0
7.01670677884042e-06
0
0
0
0
0
0
0
0
0
0
0
0
0
0
0
0
0
0
0
0
0
0
0
0
0
0
0
0
0
0
0
0
0
0
0
0
0
0
0
0
0
2.15870822899577e-05
0
0
1.83813392643788e-05
0
0
0
3.39743154175443e-05
0
0
2.78815591367869e-05
0
0
1.94533605680381e-05
0
0
0
0
0
1.24971881326701e-05
0
0
0
0
0
9.67585873246251e-05
0
0
0
0
0
0
0
0
0
0
0
0
0
0
0
0
0
0.0909090909090909
0
0
0
0
0
0
0
0
0
0
0
0
0
0
0
0
0
0
0
0
0
0
0
0
0
0
0
0
0
0
0.0005941770647653
0
0.000502260170768458
0
0
0
0
0
0
0
0
0
0.000711237553342817
0
0
0
0
0
0
0
0
0
0
0
3.39743154175443e-05
0
0
0.000111526236547148
9.6337566834187e-05
0
0
2.46099325687848e-05
0
0
9.55246692458327e-06
0
0
0
0
0
0
0
0
0
0
0
0
0
0
0
0
0
0
0
0
0
0
0
0
0
0
0
0
0
0
0
2.80668271153617e-05
0
0
0
0
0
0
0
0
0
0
0
0
0
0
0
0.00111856823266219
0
0.00285510349750178
0
0
0.00153964588144727
0.000932400932400932
0
0.00253807106598985
0
0.0012531328320802
0.00100452034153692
0.000912408759124088
0
0
0
0
0.000732600732600733
0
0
0
0.000711237553342817
0
0
0.00171526586620926
0
1.07935411449788e-05
0.00016323199347072
0
0
0.000200572798596923
7.18700589334483e-05
0
3.39743154175443e-05
0
0
2.78815591367869e-05
3.21125222780623e-05
0
0
0
0
0
9.55246692458327e-06
0
0
0.000978952520802741
0
0
0
0
0
0
0
0
0
0
0
0
0.00247218788627936
0
0
0
0
0
0
0
0
0
0
0
0
0
0
0
0.000687637264326361
0
0
0.000301477238468496
0
0
0
0
0
0
0
0
0
0
0
0
0
0
0
0
0
0
0
0
0
0
0
0
0
0
0
0
0
0
0
0
0
0
0
0
0
0
0
0
0
0
0
0
0
0
0
0
0
0
0
0
0
0
0
0
0
0
0
0
0
0
0
0
0
0
0
0
0
0
0
0
0
0
0
0
0
0
0
0
0
0
0
0
0
0
0
0.000813937986345489
0
0
0.00512511305396443
0
0
0
0
0
0
0
0
0
0
0
0.000588581518540318
0.0219985085756898
0.00189393939393939
0.0206995003568879
0.0308810172570391
0.0162481536189069
0.0184757505773672
0.00559440559440559
0
0
0.0011883541295306
0.0050125313283208
0.00853842290306379
0.062043795620438
0.00104712041884817
0.0158730158730159
0
0.0688231245698555
0.00842490842490842
0.0188679245283019
0.0239234449760766
0.00625488663017983
0.0640113798008535
0
0
0.0222984562607204
0
0.000572057680683879
0.0218730871250765
0.00229052756021871
0.00498134294064666
0.00189378037745002
0.00769009630587897
0.000554872973722801
0.00499422436637902
0
0.00162942271880819
0.00278815591367869
0.0408471283376953
0.00850485314110468
0.00192588269623577
0.000910567505045036
0.00698573610163434
0
0.0246358121985003
0.000369533393027189
0.00763578194906146
0.00718918257464513
0.00669786612854751
0.0613433858807402
0
0
0.0333817126269956
0
0
0
0
0
0
0
0
0
0
0
0
0
0
0
0
0
0
0
0
0
9.48496632836953e-05
